	-82.845414	27.883208
	-82.845324	27.883277
	-82.844234	27.885238
	-82.843901	27.885839
	-82.843844	27.88594
	-82.843695	27.886209
	-82.843569	27.886411
	-82.84176	27.888813
	-82.840409	27.890587
	-82.838125	27.893899
	-82.83805	27.894157
	-82.836705	27.898859
	-82.834564	27.899419
	-82.834523	27.899391
	-82.834393	27.899353
	-82.834133	27.899331
	-82.833817	27.899314
	-82.833192	27.899386
	-82.833031	27.899397
	-82.832857	27.899386
	-82.832381	27.899452
	-82.832189	27.899589
	-82.832084	27.899677
	-82.831334	27.899817
	-82.831229	27.899744
	-82.831143	27.899716
	-82.831068	27.899705
	-82.830913	27.899716
	-82.83084	27.899727
	-82.829056	27.899529
	-82.828139	27.899722
	-82.827868	27.899786
	-82.827601	27.899849
	-82.827508	27.899816
	-82.827463	27.899762
	-82.827037	27.899772
	-82.827081	27.899799
	-82.827081	27.899827
	-82.827056	27.899893
	-82.827019	27.899926
	-82.826938	27.89997
	-82.826346	27.900167
	-82.825976	27.900531
	-82.825917	27.900542
	-82.825805	27.900624
	-82.825428	27.901026
	-82.825262	27.901223
	-82.825229	27.901263
	-82.824883	27.901681
	-82.824753	27.901791
	-82.824493	27.902137
	-82.824313	27.902357
	-82.824208	27.902539
	-82.824066	27.90272
	-82.823868	27.903089
	-82.82366	27.903591
	-82.823608	27.903716
	-82.82349	27.903815
	-82.823298	27.903865
	-82.823137	27.903854
	-82.822964	27.903782
	-82.822877	27.903727
	-82.822685	27.903634
	-82.8225821	27.9036029
	-82.82252	27.903584
	-82.822468	27.903568
	-82.822239	27.903584
	-82.822109	27.903628
	-82.82207	27.903698
	-82.821849	27.904096
	-82.821824	27.904239
	-82.821694	27.904585
	-82.821651	27.904728
	-82.821601	27.904838
	-82.821577	27.904959
	-82.821533	27.904998
	-82.82123	27.90513
	-82.821162	27.905152
	-82.821106	27.905196
	-82.821057	27.905356
	-82.821069	27.905383
	-82.821056	27.90547
	-82.821038	27.905592
	-82.820958	27.905785
	-82.820883	27.905818
	-82.820815	27.905834
	-82.82055	27.905845
	-82.820295	27.905856
	-82.820184	27.905939
	-82.820084	27.905972
	-82.819917	27.905994
	-82.819772	27.906028
	-82.819541	27.906019
	-82.819396	27.906014
	-82.81907	27.906005
	-82.818659	27.9059909
	-82.81871	27.9058829
	-82.816959	27.905878
	-82.816366	27.9058749
	-82.816079	27.905855
	-82.816079	27.906227
	-82.8159737	27.9076681
	-82.81584	27.909405
	-82.816178	27.909391
	-82.81657	27.909386
	-82.816559	27.908844
	-82.816372	27.908637
	-82.816372	27.908444
	-82.8165141	27.908419
	-82.817392	27.908417
	-82.817391	27.9087989
	-82.817399	27.908896
	-82.817065	27.908919
	-82.817068	27.909102
	-82.817358	27.909132
	-82.8173641	27.909523
	-82.817779	27.909526
	-82.818758	27.909557
	-82.819523	27.909561
	-82.820126	27.909562
	-82.8214001	27.9095809
	-82.82134	27.9097089
	-82.8209861	27.9103429
	-82.8200811	27.9118739
	-82.8195211	27.912859
	-82.81919	27.913427
	-82.817193	27.913385
	-82.817252	27.916374
	-82.8168691	27.9163959
	-82.8168761	27.9160609
	-82.816878	27.9157819
	-82.8168751	27.9154319
	-82.816879	27.914925
	-82.816876	27.914627
	-82.8160981	27.9146159
	-82.8149831	27.914994
	-82.8148241	27.915134
	-82.8145691	27.915189
	-82.8145581	27.9156329
	-82.8145531	27.9158709
	-82.814842	27.915898
	-82.814825	27.916091
	-82.814556	27.916096
	-82.814559	27.916259
	-82.81496	27.916273
	-82.8149721	27.9167919
	-82.81524	27.916794
	-82.815656	27.916794
	-82.8159391	27.9167899
	-82.8159501	27.9176029
	-82.815236	27.9176419
	-82.8144091	27.9176729
	-82.8144101	27.9179029
	-82.814419	27.9182679
	-82.813544	27.91826
	-82.813137	27.9182489
	-82.8127311	27.918258
	-82.8127221	27.917899
	-82.8094471	27.9178559
	-82.8094561	27.9181139
	-82.8095541	27.9182719
	-82.8094411	27.9185109
	-82.809455	27.9189809
	-82.809451	27.9196589
	-82.809442	27.920191
	-82.809529	27.920377
	-82.8094451	27.920559
	-82.809452	27.921093
	-82.8090341	27.92109
	-82.808927	27.92107
	-82.8089291	27.9213779
	-82.8089231	27.9217729
	-82.8089141	27.922478
	-82.808918	27.9232229
	-82.8078241	27.923222
	-82.806893	27.9232089
	-82.806216	27.923204
	-82.8060631	27.9232139
	-82.805871	27.923279
	-82.805828	27.9241379
	-82.805644	27.924135
	-82.8051891	27.9241279
	-82.804671	27.92413
	-82.803864	27.924103
	-82.8037701	27.9241049
	-82.803067	27.9241059
	-82.8029841	27.9241019
	-82.8026151	27.9241119
	-82.8012711	27.9240979
	-82.8005321	27.9240799
	-82.800502	27.925007
	-82.800472	27.925909
	-82.800442	27.926846
	-82.8004131	27.927729
	-82.800404	27.9281519
	-82.8004181	27.9284739
	-82.800424	27.9286019
	-82.8004821	27.92923
	-82.800523	27.9296769
	-82.800439	27.929686
	-82.800379	27.929691
	-82.800413	27.929879
	-82.800401	27.929956
	-82.800374	27.930693
	-82.800536	27.930695
	-82.800493	27.930278
	-82.8005741	27.9302329
	-82.8005811	27.930304
	-82.8006481	27.9308999
	-82.800412	27.930904
	-82.800343	27.931267
	-82.8003291	27.931344
	-82.800347	27.931803
	-82.800295	27.93311
	-82.800308	27.933291
	-82.8002111	27.935162
	-82.8004121	27.9351629
	-82.8003851	27.9352969
	-82.8002551	27.936551
	-82.800147	27.936581
	-82.800048	27.937896
	-82.799798	27.937906
	-82.7997121	27.9390979
	-82.7994011	27.939068
	-82.7988371	27.9390589
	-82.798316	27.939047
	-82.79789	27.93897
	-82.797754	27.9389579
	-82.797692	27.9389519
	-82.797564	27.93881
	-82.797506	27.938738
	-82.797437	27.938571
	-82.7973691	27.9384409
	-82.797053	27.93803
	-82.7966811	27.9374389
	-82.796443	27.937064
	-82.7967961	27.9370399
	-82.796934	27.936959
	-82.796935	27.9367019
	-82.796898	27.936151
	-82.796505	27.936086
	-82.79618	27.936026
	-82.795839	27.936031
	-82.7958111	27.9351459
	-82.7956821	27.9351469
	-82.79568	27.934978
	-82.796778	27.935038
	-82.796792	27.934905
	-82.796805	27.934686
	-82.796796	27.934687
	-82.796353	27.934733
	-82.795955	27.934799
	-82.795848	27.934205
	-82.79583	27.933996
	-82.795682	27.933976
	-82.795487	27.934003
	-82.795284	27.934028
	-82.795355	27.933573
	-82.795352	27.93343
	-82.79513	27.933434
	-82.795132	27.93398
	-82.794853	27.933986
	-82.794862	27.933439
	-82.793972	27.933459
	-82.793966	27.933734
	-82.793989	27.934101
	-82.793888	27.934104
	-82.793847	27.933967
	-82.793747	27.933691
	-82.793571	27.933696
	-82.793472	27.933706
	-82.79353	27.933921
	-82.793594	27.934147
	-82.79371	27.934571
	-82.793815	27.934981
	-82.793803	27.935056
	-82.79358	27.935038
	-82.7931611	27.935034
	-82.792448	27.935026
	-82.79246	27.934741
	-82.792407	27.93474
	-82.792324	27.9347409
	-82.791802	27.934747
	-82.79173	27.934746
	-82.791726	27.934829
	-82.791806	27.934831
	-82.791806	27.934859
	-82.791809	27.934954
	-82.791809	27.934998
	-82.791705	27.935004
	-82.791575	27.934993
	-82.790905	27.9349909
	-82.7909051	27.9345389
	-82.7909141	27.93404
	-82.791475	27.934045
	-82.791461	27.933697
	-82.7916031	27.9337019
	-82.793386	27.933686
	-82.793345	27.933583
	-82.792846	27.931832
	-82.791596	27.931836
	-82.7904631	27.931793
	-82.790133	27.931834
	-82.79013	27.931927
	-82.790357	27.931929
	-82.790325	27.932087
	-82.790128	27.93209
	-82.789882	27.932061
	-82.789889	27.932244
	-82.789895	27.932316
	-82.789897	27.932351
	-82.789334	27.932356
	-82.789208	27.932323
	-82.789212	27.932454
	-82.789084	27.932447
	-82.788832	27.932425
	-82.788843	27.932611
	-82.788845	27.932715
	-82.788848	27.933063
	-82.788198	27.9330639
	-82.788158	27.933065
	-82.7881971	27.9332729
	-82.7881921	27.933693
	-82.788033	27.933703
	-82.787862	27.933738
	-82.787723	27.933766
	-82.787723	27.934012
	-82.787686	27.935052
	-82.788093	27.935018
	-82.788093	27.93487
	-82.78809	27.934584
	-82.788181	27.934584
	-82.788787	27.93459
	-82.788782	27.934959
	-82.788578	27.93496
	-82.788584	27.935162
	-82.78878	27.935163
	-82.7890741	27.9351649
	-82.789424	27.93516
	-82.789486	27.935814
	-82.789481	27.935973
	-82.789478	27.936025
	-82.789568	27.937072
	-82.789278	27.937106
	-82.7874151	27.937025
	-82.787272	27.937024
	-82.7872907	27.9367161
	-82.787371	27.935395
	-82.787208	27.935387
	-82.7863961	27.9354429
	-82.78584	27.935419
	-82.7854051	27.9354189
	-82.784386	27.935434
	-82.7833271	27.9354119
	-82.783184	27.935427
	-82.783184	27.935682
	-82.782768	27.935684
	-82.782788	27.935427
	-82.782527	27.935419
	-82.7823071	27.9354189
	-82.7812901	27.9354429
	-82.7802711	27.9354429
	-82.779936	27.93549
	-82.779698	27.935516
	-82.77949	27.935538
	-82.7794371	27.9351729
	-82.7792871	27.935181
	-82.7749821	27.9351149
	-82.7749221	27.935116
	-82.774929	27.935592
	-82.774922	27.9362969
	-82.7749901	27.9362979
	-82.775045	27.936297
	-82.775045	27.9363279
	-82.7751261	27.9369749
	-82.775134	27.937499
	-82.775144	27.937924
	-82.775008	27.937938
	-82.774811	27.937936
	-82.774856	27.938538
	-82.774415	27.93853
	-82.7744181	27.937933
	-82.7738091	27.9379309
	-82.772793	27.9379199
	-82.7708281	27.9379239
	-82.770849	27.9387909
	-82.767079	27.938768
	-82.7655441	27.938755
	-82.7651	27.938752
	-82.764738	27.93875
	-82.7642681	27.938747
	-82.762458	27.938722
	-82.762366	27.9387209
	-82.762364	27.9379719
	-82.762361	27.937707
	-82.760582	27.937718
	-82.760582	27.9376649
	-82.760593	27.937254
	-82.76059	27.9369589
	-82.760343	27.9369729
	-82.760312	27.9365139
	-82.760871	27.9365069
	-82.760879	27.9369109
	-82.762366	27.9369239
	-82.762367	27.936265
	-82.762361	27.9361649
	-82.761865	27.9361529
	-82.761862	27.9357269
	-82.761392	27.9357269
	-82.761392	27.9355069
	-82.761587	27.9355039
	-82.761861	27.9354999
	-82.762322	27.9354909
	-82.7623151	27.9353719
	-82.762296	27.93498
	-82.761589	27.935001
	-82.761584	27.935234
	-82.761389	27.935241
	-82.761237	27.935246
	-82.760955	27.935267
	-82.760503	27.935255
	-82.760475	27.93504
	-82.760287	27.935043
	-82.760292	27.9353
	-82.760128	27.935302
	-82.760055	27.935303
	-82.760045	27.935046
	-82.758902	27.935068
	-82.758952	27.935241
	-82.758827	27.93529
	-82.7588661	27.9354009
	-82.75872	27.935402
	-82.758696	27.935506
	-82.758722	27.935939
	-82.758749	27.936132
	-82.758776	27.936311
	-82.758933	27.936433
	-82.75883	27.93667
	-82.758761	27.936701
	-82.758357	27.936886
	-82.758338	27.937271
	-82.758335	27.937992
	-82.758332	27.938111
	-82.7583329	27.9385568
	-82.758333	27.93861
	-82.758332	27.938639
	-82.757722	27.938469
	-82.756991	27.938518
	-82.756897	27.938545
	-82.75627	27.938594
	-82.756017	27.938568
	-82.755893	27.938557
	-82.755881	27.938557
	-82.755012	27.938544
	-82.753749	27.938502
	-82.7529861	27.938506
	-82.752862	27.938496
	-82.752157	27.938492
	-82.7515491	27.938433
	-82.751521	27.938429
	-82.750707	27.938394
	-82.749562	27.938401
	-82.749105	27.938404
	-82.7490931	27.9385749
	-82.749121	27.938737
	-82.749088	27.939458
	-82.749261	27.939476
	-82.749261	27.9397
	-82.749108	27.9397
	-82.749119	27.94031
	-82.748228	27.940294
	-82.747059	27.939789
	-82.74665	27.939783
	-82.746267	27.939856
	-82.746224	27.939254
	-82.746215	27.939118
	-82.746186	27.938662
	-82.748186	27.938684
	-82.7481961	27.9385449
	-82.7459311	27.9385049
	-82.7458111	27.9385039
	-82.7458231	27.936272
	-82.745836	27.93588
	-82.744106	27.935845
	-82.744129	27.935548
	-82.743931	27.935543
	-82.743886	27.93533
	-82.742175	27.9352599
	-82.742112	27.938113
	-82.742035	27.938113
	-82.742022	27.938461
	-82.741604	27.938454
	-82.741606	27.938113
	-82.7412471	27.938113
	-82.7412491	27.9382129
	-82.741252	27.938323
	-82.7408011	27.938315
	-82.740682	27.938318
	-82.740677	27.938191
	-82.740318	27.938205
	-82.740299	27.934868
	-82.741685	27.934884
	-82.7421671	27.9349009
	-82.744085	27.934909
	-82.744253	27.934909
	-82.744253	27.934774
	-82.744253	27.934646
	-82.74424	27.934522
	-82.744236	27.934449
	-82.744204	27.933972
	-82.74419	27.933794
	-82.745868	27.933846
	-82.745859	27.933583
	-82.745855	27.933424
	-82.745836	27.933271
	-82.745868	27.932911
	-82.7458041	27.932491
	-82.74583	27.932173
	-82.745287	27.932157
	-82.745297	27.931881
	-82.745563	27.931869
	-82.745532	27.931598
	-82.745798	27.931576
	-82.745822	27.931132
	-82.7459571	27.931065
	-82.7458111	27.9310639
	-82.7444131	27.9310589
	-82.7440411	27.931058
	-82.7435411	27.9310649
	-82.7434081	27.9310619
	-82.7433451	27.9310609
	-82.743349	27.931252
	-82.74335	27.931318
	-82.743345	27.931418
	-82.743336	27.932319
	-82.742148	27.932319
	-82.742013	27.9323219
	-82.742001	27.931787
	-82.742	27.931746
	-82.74199	27.931449
	-82.7421251	27.931445
	-82.742394	27.931436
	-82.742408	27.931187
	-82.7421171	27.9311619
	-82.742163	27.9310429
	-82.7420441	27.9310439
	-82.742026	27.930835
	-82.742161	27.9308339
	-82.742214	27.930843
	-82.742445	27.930843
	-82.742627	27.9308369
	-82.742627	27.9308269
	-82.7426271	27.9307949
	-82.7426271	27.9307689
	-82.743026	27.930787
	-82.743043	27.930436
	-82.742753	27.930444
	-82.742756	27.930123
	-82.7426241	27.930123
	-82.742397	27.930123
	-82.742153	27.930118
	-82.742018	27.930119
	-82.742012	27.929582
	-82.742147	27.9295809
	-82.742206	27.929589
	-82.742372	27.929571
	-82.7426131	27.929563
	-82.743033	27.929548
	-82.743392	27.929548
	-82.7435501	27.929537
	-82.743907	27.92951
	-82.74392	27.929192
	-82.744463	27.929227
	-82.744467	27.929052
	-82.744474	27.928842
	-82.744474	27.928574
	-82.744474	27.928452
	-82.7455	27.928464
	-82.745555	27.928372
	-82.745702	27.928124
	-82.745764	27.92802
	-82.745759	27.927784
	-82.745752	27.92748
	-82.745747	27.927395
	-82.744433	27.9273879
	-82.7421231	27.9273839
	-82.7420031	27.927382
	-82.7419041	27.9273799
	-82.741942	27.926564
	-82.741087	27.926543
	-82.7410861	27.926154
	-82.740297	27.926154
	-82.740297	27.926866
	-82.7403111	27.927358
	-82.738541	27.927344
	-82.738413	27.927343
	-82.738407	27.928584
	-82.738415	27.928674
	-82.738415	27.928715
	-82.739387	27.928713
	-82.7394	27.930392
	-82.739401	27.930465
	-82.739385	27.930585
	-82.739381	27.930981
	-82.7393681	27.9310659
	-82.739411	27.9310649
	-82.7393721	27.9314179
	-82.739366	27.931772
	-82.7395011	27.9317979
	-82.740217	27.931796
	-82.740204	27.93237
	-82.7395051	27.93237
	-82.739384	27.932379
	-82.739371	27.932072
	-82.738743	27.932062
	-82.738546	27.932056
	-82.738542	27.931692
	-82.738442	27.931686
	-82.738438	27.931166
	-82.738438	27.931079
	-82.73837	27.93108
	-82.738202	27.931081
	-82.738085	27.931269
	-82.737627	27.931621
	-82.737288	27.931519
	-82.737284	27.931627
	-82.73728	27.93313
	-82.736583	27.933126
	-82.736589	27.932879
	-82.736576	27.932714
	-82.736574	27.932498
	-82.736562	27.931391
	-82.736608	27.931278
	-82.7366031	27.931097
	-82.736603	27.930974
	-82.736595	27.930316
	-82.736594	27.929637
	-82.736247	27.929634
	-82.735391	27.929634
	-82.734911	27.929634
	-82.734926	27.931099
	-82.734926	27.93116
	-82.734927	27.93122
	-82.735356	27.931222
	-82.735373	27.932898
	-82.735374	27.933047
	-82.735374	27.933102
	-82.735375	27.933156
	-82.735185	27.933155
	-82.734999	27.933154
	-82.730377	27.933138
	-82.730191	27.933134
	-82.730097	27.934885
	-82.730082	27.935352
	-82.730078	27.936439
	-82.730075	27.9364999
	-82.730054	27.9366379
	-82.730025	27.93667
	-82.729848	27.93686
	-82.729276	27.936954
	-82.728861	27.936954
	-82.728183	27.936966
	-82.727976	27.936897
	-82.727491	27.936768
	-82.725577	27.936746
	-82.725575	27.936677
	-82.725576	27.936646
	-82.725585	27.936101
	-82.725589	27.935874
	-82.725561	27.935323
	-82.726189	27.935312
	-82.726597	27.935313
	-82.72726	27.935299
	-82.727351	27.932756
	-82.729442	27.932769
	-82.7293311	27.9322619
	-82.728937	27.931171
	-82.72889	27.9310369
	-82.7281551	27.9310309
	-82.728144	27.930837
	-82.728145	27.930692
	-82.728844	27.930725
	-82.728858	27.930534
	-82.728132	27.930541
	-82.728161	27.928503
	-82.72869	27.928529
	-82.728691	27.928245
	-82.728693	27.928006
	-82.728983	27.928041
	-82.730179	27.928037
	-82.730179	27.9273309
	-82.730179	27.92614
	-82.730179	27.925971
	-82.728464	27.92597
	-82.728376	27.925968
	-82.72839	27.927797
	-82.727164	27.927797
	-82.726699	27.927145
	-82.726987	27.927145
	-82.727002	27.923921
	-82.7272591	27.923923
	-82.7273361	27.9239249
	-82.727536	27.923932
	-82.727737	27.9239379
	-82.727852	27.923947
	-82.727861	27.924009
	-82.72816	27.924001
	-82.72816	27.923948
	-82.728376	27.923952
	-82.7283501	27.923663
	-82.72837	27.923583
	-82.72838	27.923468
	-82.728242	27.922075
	-82.729678	27.922055
	-82.730094	27.922046
	-82.730045	27.921089
	-82.729973	27.92017
	-82.729936	27.919903
	-82.729854	27.91898
	-82.729848	27.918917
	-82.729763	27.91816
	-82.729584	27.918159
	-82.728368	27.91815
	-82.728337	27.919653
	-82.728152	27.919645
	-82.728233	27.919948
	-82.727795	27.919939
	-82.72784	27.920398
	-82.727872	27.922059
	-82.727868	27.922298
	-82.727663	27.922298
	-82.727068	27.922299
	-82.727062	27.922045
	-82.727009	27.920005
	-82.72694	27.918023
	-82.726949	27.917924
	-82.726639	27.917886
	-82.726415	27.917878
	-82.726385	27.917872
	-82.726367	27.917592
	-82.726357	27.917438
	-82.726329	27.917061
	-82.726302	27.91669
	-82.726278	27.916373
	-82.72611	27.916217
	-82.726122	27.916125
	-82.725467	27.916099
	-82.725191	27.916105
	-82.724971	27.916109
	-82.724901	27.916111
	-82.724712	27.916115
	-82.724623	27.916107
	-82.724599	27.915658
	-82.724525	27.914321
	-82.724533	27.913986
	-82.724436	27.912818
	-82.7243631	27.9128249
	-82.723931	27.91283
	-82.723869	27.91283
	-82.723831	27.913993
	-82.72389	27.913997
	-82.724225	27.913993
	-82.724248	27.914188
	-82.723452	27.914237
	-82.72334	27.914244
	-82.723254	27.912866
	-82.723139	27.912873
	-82.723088	27.910746
	-82.723056	27.908942
	-82.723616	27.908925
	-82.724593	27.908865
	-82.725991	27.908852
	-82.726673	27.908868
	-82.727181	27.908858
	-82.727257	27.908872
	-82.728674	27.908935
	-82.728972	27.908935
	-82.72907	27.908936
	-82.729067	27.908805
	-82.729066	27.908685
	-82.729038	27.908266
	-82.72904	27.908134
	-82.728667	27.908134
	-82.728669	27.908694
	-82.727307	27.908695
	-82.7273045	27.9072237
	-82.727308	27.9055707
	-82.727309	27.905069
	-82.727308	27.904705
	-82.727021	27.904705
	-82.725009	27.904709
	-82.724613	27.904738
	-82.723965	27.904729
	-82.723956	27.904316
	-82.724611	27.904298
	-82.724605	27.903892
	-82.724603	27.903694
	-82.724151	27.903698
	-82.724135	27.903364
	-82.724595	27.903364
	-82.724562	27.903016
	-82.724561	27.902907
	-82.724562	27.902855
	-82.724557	27.90261
	-82.724543	27.901911
	-82.724382	27.901906
	-82.724367	27.900922
	-82.724366	27.900801
	-82.725024	27.900839
	-82.726918	27.900833
	-82.727181	27.900838
	-82.727264	27.900853
	-82.727184	27.900634
	-82.726716	27.899829
	-82.726703	27.899717
	-82.726642	27.899185
	-82.72664	27.898114
	-82.727103	27.898112
	-82.7271051	27.898021
	-82.7276641	27.8980239
	-82.7282241	27.8980259
	-82.728382	27.898027
	-82.7289711	27.8980299
	-82.728971	27.898462
	-82.728892	27.89846
	-82.728473	27.898471
	-82.728057	27.898482
	-82.727087	27.898491
	-82.727087	27.899156
	-82.727878	27.899106
	-82.728722	27.899113
	-82.728975	27.899115
	-82.729192	27.899126
	-82.730721	27.899147
	-82.730722	27.899197
	-82.730743	27.899915
	-82.730747	27.900029
	-82.730134	27.900027
	-82.730132	27.899915
	-82.729205	27.899915
	-82.729207	27.900025
	-82.729211	27.900208
	-82.729884	27.900226
	-82.730137	27.900231
	-82.730129	27.900945
	-82.730128	27.901026
	-82.7299	27.901015
	-82.729931	27.901149
	-82.72952	27.901315
	-82.729729	27.90211
	-82.7297161	27.902425
	-82.729719	27.902745
	-82.729676	27.90339
	-82.730488	27.903363
	-82.730455	27.903134
	-82.731402	27.903099
	-82.7314181	27.9033029
	-82.7314251	27.9037549
	-82.731293	27.904665
	-82.731293	27.904815
	-82.732359	27.904834
	-82.732295	27.902316
	-82.732277	27.901923
	-82.732271	27.901438
	-82.732277	27.901171
	-82.7325121	27.9011709
	-82.732756	27.901206
	-82.7330301	27.901236
	-82.733168	27.901239
	-82.7335801	27.9012359
	-82.733719	27.901243
	-82.733722	27.901114
	-82.733688	27.900378
	-82.733682	27.900118
	-82.733598	27.899156
	-82.73363	27.899154
	-82.733842	27.899153
	-82.734078	27.899152
	-82.734072	27.899244
	-82.734058	27.899523
	-82.73433	27.899522
	-82.735137	27.899538
	-82.735248	27.899535
	-82.735282	27.900428
	-82.735279	27.900463
	-82.735204	27.9011569
	-82.735175	27.901291
	-82.7363071	27.9013299
	-82.736921	27.901384
	-82.737201	27.901394
	-82.7372121	27.9012609
	-82.737207	27.898154
	-82.73395	27.898222
	-82.733899	27.898225
	-82.731992	27.898256
	-82.731995	27.897779
	-82.731997	27.897529
	-82.732442	27.897514
	-82.732927	27.897529
	-82.732927	27.897443
	-82.732919	27.893918
	-82.732833	27.893947
	-82.7325991	27.8939629
	-82.732594	27.8938709
	-82.7325991	27.8938089
	-82.7323951	27.8936699
	-82.731637	27.893583
	-82.731645	27.893168
	-82.731439	27.893156
	-82.731273	27.893159
	-82.731271	27.892856
	-82.730826	27.892862
	-82.730826	27.893662
	-82.7308281	27.8937329
	-82.730823	27.893797
	-82.730809	27.893929
	-82.730265	27.893856
	-82.730242	27.893896
	-82.730266	27.894054
	-82.7302	27.894066
	-82.730196	27.893861
	-82.729939	27.89388
	-82.729553	27.893894
	-82.729555	27.893764
	-82.72955	27.8936869
	-82.729564	27.893554
	-82.729554	27.89312
	-82.729161	27.893116
	-82.728981	27.893122
	-82.728973	27.893583
	-82.728863	27.893569
	-82.728545	27.893575
	-82.728546	27.893674
	-82.7288591	27.893678
	-82.7288801	27.893676
	-82.728967	27.8936769
	-82.728957	27.893843
	-82.728864	27.8938459
	-82.728553	27.893845
	-82.727819	27.89387
	-82.727726	27.893875
	-82.727556	27.893878
	-82.727557	27.894729
	-82.727709	27.894729
	-82.728716	27.894723
	-82.728721	27.894854
	-82.7277	27.894859
	-82.727579	27.894859
	-82.72758	27.895429
	-82.7270091	27.895429
	-82.726723	27.895429
	-82.726724	27.89608
	-82.7270451	27.89608
	-82.72877	27.89608
	-82.728805	27.896901
	-82.728806	27.897013
	-82.72837	27.897002
	-82.727933	27.896992
	-82.727589	27.897
	-82.727064	27.896995
	-82.726772	27.896992
	-82.726776	27.897279
	-82.725815	27.897269
	-82.725835	27.898313
	-82.725599	27.897971
	-82.725472	27.897985
	-82.725186	27.897986
	-82.724901	27.897988
	-82.724323	27.897992
	-82.724318	27.898042
	-82.724086	27.90044
	-82.723593	27.900454
	-82.723609	27.900685
	-82.723601	27.900818
	-82.723743	27.90079
	-82.72398	27.900783
	-82.7239821	27.9009159
	-82.724061	27.901415
	-82.723922	27.901413
	-82.723354	27.901421
	-82.723105	27.901429
	-82.7230231	27.90143
	-82.7230071	27.900918
	-82.723093	27.90097
	-82.723279	27.900978
	-82.7232691	27.9009169
	-82.723277	27.900783
	-82.722922	27.900765
	-82.722129	27.900778
	-82.722129	27.900918
	-82.722129	27.90183
	-82.721882	27.901833
	-82.721871	27.902122
	-82.721011	27.902112
	-82.721003	27.902553
	-82.723035	27.902409
	-82.723181	27.902418
	-82.7231901	27.9029089
	-82.723002	27.90291
	-82.722827	27.902924
	-82.722908	27.90482
	-82.7230501	27.904837
	-82.72308	27.906801
	-82.723087	27.907164
	-82.7226891	27.9071609
	-82.722519	27.906807
	-82.722196	27.906807
	-82.722205	27.90673
	-82.721626	27.906694
	-82.721643	27.9068
	-82.72125	27.906798
	-82.721239	27.906651
	-82.721074	27.906646
	-82.7210821	27.906063
	-82.721078	27.905833
	-82.7210111	27.9058219
	-82.720645	27.90583
	-82.718417	27.905854
	-82.7183891	27.904815
	-82.7183851	27.9045399
	-82.718981	27.9046
	-82.718964	27.904446
	-82.719095	27.90446
	-82.719082	27.9048249
	-82.71907	27.905168
	-82.718949	27.905187
	-82.718854	27.905195
	-82.718795	27.905255
	-82.718736	27.905344
	-82.718741	27.905468
	-82.718798	27.905545
	-82.718878	27.905575
	-82.718961	27.905559
	-82.71899	27.905495
	-82.719361	27.905541
	-82.719835	27.905551
	-82.7198271	27.9054099
	-82.7198251	27.9048309
	-82.719824	27.904575
	-82.719811	27.903153
	-82.718854	27.903147
	-82.71884	27.901895
	-82.718823	27.901184
	-82.718819	27.9009379
	-82.718818	27.9009
	-82.718818	27.900765
	-82.719206	27.900765
	-82.719206	27.900939
	-82.719202	27.901164
	-82.719194	27.901895
	-82.719799	27.901895
	-82.719792	27.901132
	-82.7197941	27.900941
	-82.719799	27.900797
	-82.719965	27.900785
	-82.719968	27.898943
	-82.7196241	27.898928
	-82.7181671	27.8989999
	-82.716457	27.899088
	-82.716435	27.900829
	-82.717653	27.900812
	-82.7176511	27.900942
	-82.717655	27.901233
	-82.71773	27.904649
	-82.716381	27.904691
	-82.715904	27.904706
	-82.715974	27.906698
	-82.716391	27.906696
	-82.716393	27.906755
	-82.716461	27.906755
	-82.716467	27.907391
	-82.716731	27.907387
	-82.716752	27.907805
	-82.71647	27.907809
	-82.716472	27.908097
	-82.716415	27.9081
	-82.716023	27.90811
	-82.71603	27.908296
	-82.715696	27.908296
	-82.715141	27.907775
	-82.714901	27.907692
	-82.714755	27.906615
	-82.7141421	27.90654
	-82.713934	27.906556
	-82.713486	27.9065719
	-82.7131661	27.9065559
	-82.712899	27.906554
	-82.712894	27.906183
	-82.71276	27.90619
	-82.710906	27.906197
	-82.710857	27.905307
	-82.7127291	27.905283
	-82.712864	27.905281
	-82.712852	27.904801
	-82.7127201	27.9048049
	-82.707633	27.904837
	-82.707833	27.908576
	-82.707159	27.908571
	-82.70467	27.908534
	-82.704675	27.908633
	-82.704668	27.908727
	-82.704672	27.908822
	-82.704644	27.908965
	-82.704643	27.91054
	-82.704643	27.910663
	-82.7049001	27.9106499
	-82.705025	27.910644
	-82.70531	27.91063
	-82.706474	27.910571
	-82.706564	27.912264
	-82.7065711	27.9123959
	-82.7049301	27.9123979
	-82.704925	27.912278
	-82.704663	27.91228
	-82.704671	27.911719
	-82.704714	27.911684
	-82.704709	27.911566
	-82.704104	27.912174
	-82.703142	27.911216
	-82.702478	27.910532
	-82.702466	27.910517
	-82.702385	27.910337
	-82.702343	27.910243
	-82.702322	27.910187
	-82.702245	27.909985
	-82.701799	27.908603
	-82.70176	27.908602
	-82.701689	27.908489
	-82.700781	27.907044
	-82.700731	27.906181
	-82.701687	27.906178
	-82.701683	27.90669
	-82.702468	27.906686
	-82.702463	27.90655
	-82.702595	27.906545
	-82.702678	27.906542
	-82.702659	27.905771
	-82.703417	27.905758
	-82.706064	27.905722
	-82.706262	27.905699
	-82.706379	27.905695
	-82.706418	27.905694
	-82.706482	27.905692
	-82.706645	27.905693
	-82.706652	27.905479
	-82.706653	27.905397
	-82.706654	27.905322
	-82.706658	27.905115
	-82.706663	27.904838
	-82.70679	27.90484
	-82.706894	27.904842
	-82.707182	27.904136
	-82.707463	27.903476
	-82.70774	27.902855
	-82.707857	27.902548
	-82.707915	27.90238
	-82.70794	27.902244
	-82.708107	27.901397
	-82.708193	27.900858
	-82.708475	27.899086
	-82.70875	27.89737
	-82.708806	27.89726
	-82.707954	27.89731
	-82.704261	27.897338
	-82.70422	27.894137
	-82.704227	27.893892
	-82.70443	27.893892
	-82.705497	27.893876
	-82.706098	27.893884
	-82.706441	27.893884
	-82.706459	27.894089
	-82.709762	27.894041
	-82.710423	27.89403
	-82.710488	27.894029
	-82.710547	27.894029
	-82.712582	27.894043
	-82.715171	27.894006
	-82.716108	27.894006
	-82.717409	27.894021
	-82.717607	27.897542
	-82.71639	27.897567
	-82.716398	27.897656
	-82.716401	27.897693
	-82.716456	27.898277
	-82.716503	27.898369
	-82.716613	27.898525
	-82.7181611	27.8985119
	-82.7196261	27.8984499
	-82.7208961	27.89843
	-82.721019	27.898411
	-82.721019	27.897012
	-82.721027	27.896795
	-82.721636	27.896803
	-82.721626	27.896601
	-82.721003	27.896606
	-82.721003	27.896466
	-82.723211	27.896566
	-82.723128	27.895197
	-82.723111	27.894913
	-82.724442	27.896714
	-82.724522	27.896822
	-82.72445	27.896825
	-82.723188	27.896815
	-82.723174	27.897097
	-82.724751	27.897124
	-82.724854	27.897121
	-82.724922	27.897107
	-82.725014	27.897089
	-82.724851	27.896873
	-82.724783	27.896783
	-82.724696	27.896669
	-82.724681	27.896423
	-82.72463	27.895606
	-82.72545	27.895606
	-82.725796	27.895605
	-82.725967	27.895703
	-82.726209	27.895702
	-82.726165	27.893893
	-82.725657	27.893901
	-82.725651	27.893679
	-82.725651	27.893503
	-82.725652	27.892073
	-82.725659	27.891516
	-82.726716	27.891517
	-82.726716	27.891312
	-82.726692	27.890782
	-82.726692	27.890603
	-82.727043	27.890603
	-82.727984	27.890608
	-82.728703	27.89061
	-82.728705	27.890152
	-82.728226	27.890144
	-82.727702	27.890147
	-82.727711	27.889977
	-82.726692	27.889955
	-82.726682	27.8892049
	-82.726689	27.889142
	-82.728719	27.889187
	-82.728711	27.889004
	-82.726689	27.888987
	-82.726697	27.888709
	-82.728706	27.888711
	-82.728682	27.887116
	-82.727505	27.887101
	-82.727488	27.887434
	-82.726984	27.887429
	-82.727001	27.887086
	-82.72714	27.887091
	-82.7271501	27.8869399
	-82.7271501	27.8866549
	-82.7277981	27.8866869
	-82.728597	27.886596
	-82.728602	27.886436
	-82.728756	27.886435
	-82.7291231	27.8864
	-82.729306	27.886405
	-82.729427	27.886649
	-82.730663	27.88672
	-82.7307461	27.886448
	-82.731056	27.886457
	-82.7312781	27.8864579
	-82.731376	27.8864609
	-82.7320171	27.8864799
	-82.7322621	27.8864939
	-82.732476	27.886507
	-82.732653	27.886517
	-82.732974	27.886525
	-82.733069	27.886527
	-82.7333211	27.8865859
	-82.7339611	27.886631
	-82.7350711	27.8866639
	-82.7351961	27.8866709
	-82.735501	27.886727
	-82.7357081	27.886766
	-82.736447	27.886746
	-82.736921	27.886699
	-82.736986	27.886701
	-82.737155	27.886708
	-82.739448	27.886796
	-82.740288	27.886828
	-82.742804	27.886925
	-82.7457301	27.8868499
	-82.748033	27.886937
	-82.747924	27.887943
	-82.745866	27.887913
	-82.7458671	27.8882709
	-82.745869	27.888395
	-82.745857	27.888735
	-82.74586	27.888936
	-82.745861	27.889011
	-82.745886	27.889354
	-82.745871	27.8895499
	-82.745924	27.890022
	-82.746227	27.890016
	-82.746231	27.89018
	-82.745956	27.890187
	-82.7459731	27.890263
	-82.745974	27.890495
	-82.746232	27.890505
	-82.746238	27.890712
	-82.746507	27.890714
	-82.746504	27.890506
	-82.746769	27.890504
	-82.746774	27.890716
	-82.747964	27.890724
	-82.747965	27.891139
	-82.747952	27.891333
	-82.748235	27.891333
	-82.748252	27.891512
	-82.747944	27.891491
	-82.747941	27.891539
	-82.746024	27.891577
	-82.74603	27.891694
	-82.746969	27.8917
	-82.7471	27.891701
	-82.747101	27.892127
	-82.747965	27.892133
	-82.747943	27.892054
	-82.748268	27.892049
	-82.748268	27.892178
	-82.747965	27.892183
	-82.747965	27.892598
	-82.748345	27.892586
	-82.748324	27.894197
	-82.7483521	27.8941989
	-82.748356	27.894135
	-82.748361	27.893676
	-82.748716	27.893663
	-82.749018	27.893659
	-82.74887	27.890668
	-82.749541	27.890659
	-82.749547	27.890477
	-82.749821	27.890511
	-82.749826	27.890404
	-82.749832	27.890313
	-82.74982	27.889588
	-82.749857	27.888856
	-82.74981	27.888147
	-82.749827	27.887581
	-82.750001	27.887458
	-82.750267	27.887191
	-82.751766	27.887303
	-82.751768	27.887303
	-82.7520371	27.8870519
	-82.752119	27.886975
	-82.75218	27.886968
	-82.753868	27.8867659
	-82.753862	27.8869579
	-82.753861	27.886976
	-82.7539831	27.8870469
	-82.753983	27.8873469
	-82.75449	27.887349
	-82.7556801	27.887329
	-82.75607	27.88732
	-82.756089	27.887462
	-82.756122	27.888768
	-82.754357	27.888866
	-82.754358	27.888984
	-82.754361	27.889241
	-82.753958	27.889247
	-82.7539	27.889248
	-82.753897	27.888998
	-82.7539621	27.889004
	-82.753964	27.888888
	-82.753937	27.888889
	-82.753896	27.888885
	-82.753803	27.888877
	-82.753795	27.8889889
	-82.7535691	27.888968
	-82.75357	27.889371
	-82.753106	27.88937
	-82.753116	27.8889269
	-82.7528231	27.8888999
	-82.75183	27.888885
	-82.751831	27.888109
	-82.751786	27.888109
	-82.751105	27.888108
	-82.751025	27.890752
	-82.750553	27.890729
	-82.750552	27.891797
	-82.749751	27.891786
	-82.749796	27.894338
	-82.7492621	27.8943349
	-82.749254	27.8948
	-82.749027	27.894814
	-82.748832	27.894811
	-82.748834	27.894621
	-82.748762	27.894621
	-82.748397	27.894621
	-82.7478825	27.8946212
	-82.747883	27.894915
	-82.747858	27.895672
	-82.747872	27.896161
	-82.748191	27.896168
	-82.748187	27.896448
	-82.748196	27.897219
	-82.7481811	27.8979879
	-82.7481301	27.898747
	-82.7479271	27.8987439
	-82.747831	27.898732
	-82.746393	27.898847
	-82.746199	27.898861
	-82.746162	27.899167
	-82.746144	27.899344
	-82.747832	27.899248
	-82.748201	27.89922
	-82.7481711	27.8995279
	-82.748187	27.899713
	-82.747833	27.89977
	-82.74614	27.899852
	-82.7461071	27.900663
	-82.746148	27.901709
	-82.7461521	27.901802
	-82.748053	27.901796
	-82.74806	27.902594
	-82.747867	27.902589
	-82.746162	27.902571
	-82.746161	27.903586
	-82.7461521	27.9036299
	-82.746168	27.903857
	-82.74627	27.904399
	-82.747203	27.904394
	-82.747197	27.90396
	-82.749922	27.903945
	-82.749926	27.901765
	-82.7499261	27.9016649
	-82.750147	27.901678
	-82.7508601	27.90169
	-82.751082	27.90171
	-82.75107	27.900792
	-82.751072	27.900345
	-82.751073	27.900299
	-82.751806	27.900293
	-82.751774	27.899465
	-82.753885	27.899398
	-82.753893	27.898818
	-82.752277	27.898801
	-82.751789	27.898797
	-82.751808	27.898009
	-82.7508601	27.898008
	-82.75066	27.8980069
	-82.750711	27.897655
	-82.7508551	27.897672
	-82.751638	27.897656
	-82.751639	27.897439
	-82.752568	27.897436
	-82.752561	27.8977789
	-82.75256	27.897822
	-82.752687	27.8977959
	-82.753529	27.897834
	-82.753541	27.898054
	-82.753541	27.898156
	-82.753652	27.898161
	-82.753617	27.898375
	-82.7540241	27.8983389
	-82.754018	27.8980429
	-82.7539991	27.8973769
	-82.7539701	27.8962919
	-82.757197	27.896285
	-82.757191	27.894592
	-82.757105	27.894589
	-82.756528	27.894563
	-82.7561	27.894535
	-82.756112	27.894398
	-82.756092	27.89246
	-82.754218	27.892516
	-82.754183	27.891738
	-82.754191	27.891629
	-82.756056	27.891588
	-82.756032	27.890737
	-82.756049	27.890194
	-82.756219	27.890198
	-82.757829	27.890229
	-82.75824	27.890241
	-82.758243	27.889735
	-82.758706	27.889743
	-82.758726	27.889737
	-82.758706	27.889272
	-82.759238	27.889272
	-82.759266	27.888502
	-82.759262	27.888014
	-82.759543	27.888015
	-82.759557	27.887485
	-82.76033	27.88751
	-82.76046	27.887519
	-82.760457	27.888183
	-82.760452	27.889131
	-82.762001	27.889131
	-82.762258	27.88913
	-82.762274	27.889734
	-82.762274	27.890067
	-82.761299	27.890066
	-82.761298	27.892575
	-82.762259	27.892575
	-82.762261	27.892441
	-82.762259	27.892298
	-82.762264	27.891588
	-82.762268	27.891202
	-82.762274	27.891034
	-82.76228	27.890886
	-82.762267	27.890151
	-82.7623681	27.8901439
	-82.762815	27.890127
	-82.762825	27.889748
	-82.762509	27.889736
	-82.7625	27.889126
	-82.762499	27.889048
	-82.762487	27.888764
	-82.762476	27.887899
	-82.764071	27.887509
	-82.764034	27.88918
	-82.764437	27.889175
	-82.764387	27.887286
	-82.765392	27.887274
	-82.7653331	27.8908619
	-82.764937	27.890855
	-82.764499	27.890848
	-82.7639621	27.8908169
	-82.763973	27.890724
	-82.763738	27.890724
	-82.763731	27.89047
	-82.763349	27.890457
	-82.763351	27.89081
	-82.763351	27.890824
	-82.763157	27.890822
	-82.763153	27.890968
	-82.762566	27.891037
	-82.762566	27.89159
	-82.763357	27.891598
	-82.763358	27.891665
	-82.763364	27.892204
	-82.763364	27.892275
	-82.762962	27.892272
	-82.762959	27.892572
	-82.762959	27.892704
	-82.764346	27.89271
	-82.7643461	27.892221
	-82.764346	27.891935
	-82.764664	27.891935
	-82.7649391	27.8919349
	-82.764995	27.891933
	-82.764995	27.89206
	-82.765513	27.892033
	-82.765475	27.894339
	-82.765226	27.894368
	-82.765226	27.8945009
	-82.76522	27.895223
	-82.764723	27.895221
	-82.764604	27.895222
	-82.764171	27.895217
	-82.764154	27.895096
	-82.764037	27.895097
	-82.764025	27.894865
	-82.764025	27.894842
	-82.763788	27.894842
	-82.762671	27.894882
	-82.762539	27.894881
	-82.7625381	27.8981409
	-82.762585	27.898827
	-82.762574	27.899011
	-82.762572	27.899414
	-82.762568	27.900196
	-82.762711	27.9002
	-82.7633153	27.9003392
	-82.765052	27.900706
	-82.767903	27.901361
	-82.768584	27.901577
	-82.767883	27.901586
	-82.765617	27.901496
	-82.763006	27.901507
	-82.7624161	27.9015129
	-82.762425	27.901632
	-82.762671	27.90164
	-82.762671	27.901863
	-82.7626781	27.903109
	-82.762667	27.903594
	-82.762655	27.903839
	-82.762645	27.904083
	-82.762651	27.904509
	-82.763442	27.904517
	-82.763432	27.904598
	-82.7645	27.904652
	-82.764503	27.903829
	-82.765575	27.903835
	-82.765582	27.90361
	-82.765648	27.901885
	-82.765643	27.901778
	-82.76586	27.901778
	-82.768704	27.901802
	-82.768706	27.901909
	-82.768712	27.902212
	-82.7689211	27.902325
	-82.7688771	27.902408
	-82.768715	27.902333
	-82.768708	27.902545
	-82.768865	27.902548
	-82.768864	27.9027759
	-82.7688671	27.9028589
	-82.768709	27.90285
	-82.768713	27.902943
	-82.7688661	27.902947
	-82.7688651	27.9031009
	-82.768866	27.90321
	-82.768867	27.903257
	-82.7688681	27.903352
	-82.7689921	27.9034009
	-82.769062	27.903429
	-82.769127	27.90346
	-82.769327	27.903509
	-82.76936	27.903636
	-82.768707	27.90361
	-82.768721	27.905707
	-82.7689151	27.9057059
	-82.770441	27.905735
	-82.770494	27.905226
	-82.770502	27.9051449
	-82.770488	27.904099
	-82.7705201	27.9030339
	-82.770579	27.901923
	-82.7705801	27.9018689
	-82.769646	27.901651
	-82.769508	27.901604
	-82.7671	27.900905
	-82.766859	27.900824
	-82.766842	27.898424
	-82.767062	27.898424
	-82.769617	27.898339
	-82.7707471	27.8983229
	-82.7707481	27.8982399
	-82.770869	27.898242
	-82.7709771	27.898369
	-82.770947	27.89872
	-82.77152	27.898573
	-82.771505	27.899036
	-82.770944	27.899034
	-82.770942	27.899394
	-82.772421	27.899396
	-82.772159	27.899627
	-82.77216	27.899854
	-82.770881	27.899859
	-82.770837	27.900746
	-82.770832	27.901135
	-82.772221	27.901628
	-82.772546	27.901685
	-82.772591	27.901682
	-82.772583	27.901779
	-82.7725901	27.901904
	-82.773541	27.9019029
	-82.77452	27.901932
	-82.77473	27.9019379
	-82.7752711	27.9019429
	-82.775247	27.902172
	-82.776344	27.902182
	-82.776553	27.902184
	-82.776451	27.902854
	-82.77491	27.902821
	-82.77491	27.903294
	-82.774911	27.904131
	-82.774924	27.904698
	-82.7770551	27.904966
	-82.777129	27.904953
	-82.778487	27.9049829
	-82.778377	27.904568
	-82.77734	27.902978
	-82.776919	27.902785
	-82.776871	27.902291
	-82.776962	27.902303
	-82.778661	27.904285
	-82.778731	27.904737
	-82.7788681	27.9047149
	-82.778996	27.9047
	-82.77903	27.905115
	-82.779068	27.905406
	-82.779024	27.906274
	-82.7807371	27.906276
	-82.7803381	27.9057469
	-82.778811	27.903804
	-82.777376	27.901968
	-82.776838	27.901297
	-82.776756	27.901188
	-82.778691	27.901251
	-82.7787291	27.90198
	-82.7788501	27.901981
	-82.7791331	27.9019879
	-82.7792321	27.9019949
	-82.7792921	27.9019919
	-82.7799041	27.9020049
	-82.7803001	27.9020069
	-82.7808021	27.9020089
	-82.7814131	27.902012
	-82.7815791	27.9020129
	-82.781504	27.903504
	-82.780772	27.903487
	-82.780735	27.905748
	-82.782212	27.905751
	-82.782563	27.905752
	-82.782604	27.905476
	-82.782706	27.9044559
	-82.782712	27.904143
	-82.782742	27.9040899
	-82.7827491	27.9024939
	-82.78278	27.9020159
	-82.782819	27.9020169
	-82.7831101	27.9020189
	-82.7845141	27.9020289
	-82.784517	27.901513
	-82.784521	27.901365
	-82.784174	27.901377
	-82.784195	27.900625
	-82.786911	27.900654
	-82.786863	27.900199
	-82.786942	27.900015
	-82.786961	27.899187
	-82.786962	27.89913
	-82.786929	27.898677
	-82.7869091	27.898456
	-82.78694	27.89836
	-82.786913	27.898278
	-82.786913	27.898147
	-82.785556	27.898163
	-82.785529	27.897737
	-82.785525	27.897632
	-82.785931	27.89763
	-82.7859311	27.8971689
	-82.786096	27.8971699
	-82.7863381	27.8971729
	-82.786347	27.897406
	-82.786634	27.897384
	-82.786616	27.8971759
	-82.786939	27.897176
	-82.786948	27.897059
	-82.786948	27.897033
	-82.786946	27.896959
	-82.786947	27.896773
	-82.7869481	27.896049
	-82.786772	27.89605
	-82.786754	27.896881
	-82.785467	27.896848
	-82.785461	27.897165
	-82.785459	27.897497
	-82.785319	27.897504
	-82.785329	27.897955
	-82.785341	27.898141
	-82.7851661	27.898136
	-82.783145	27.898083
	-82.783123	27.89776
	-82.783128	27.895485
	-82.783095	27.894722
	-82.782958	27.894712
	-82.782972	27.895076
	-82.782185	27.89505
	-82.782239	27.894821
	-82.782005	27.894823
	-82.781151	27.8948409
	-82.7790341	27.8949199
	-82.7771121	27.895017
	-82.776673	27.89505
	-82.776529	27.895054
	-82.776426	27.895057
	-82.776033	27.895004
	-82.77482	27.895034
	-82.774105	27.894933
	-82.773355	27.894935
	-82.7733601	27.8946099
	-82.773357	27.894391
	-82.77389	27.894449
	-82.773919	27.894313
	-82.77408	27.894307
	-82.7749511	27.894357
	-82.7749351	27.894042
	-82.7749321	27.8939879
	-82.774928	27.893711
	-82.7749191	27.893343
	-82.7749061	27.8927869
	-82.774876	27.8909119
	-82.7748471	27.8882319
	-82.7748411	27.8877589
	-82.775623	27.887728
	-82.775847	27.887724
	-82.776087	27.887719
	-82.7763941	27.8876549
	-82.778208	27.887695
	-82.778374	27.887725
	-82.778389	27.887583
	-82.778393	27.887401
	-82.778708	27.887202
	-82.778649	27.886532
	-82.778355	27.886467
	-82.778329	27.886435
	-82.778345	27.886109
	-82.778361	27.886044
	-82.778352	27.885558
	-82.778217	27.885574
	-82.778175	27.885581
	-82.777674	27.885591
	-82.777548	27.885596
	-82.777524	27.88544
	-82.777674	27.885457
	-82.778113	27.885466
	-82.7788551	27.8854729
	-82.779801	27.885483
	-82.780668	27.885486
	-82.781258	27.885481
	-82.781233	27.885375
	-82.781504	27.885367
	-82.781502	27.885686
	-82.781683	27.885679
	-82.781836	27.885668
	-82.7818811	27.8836579
	-82.781855	27.883534
	-82.782174	27.883533
	-82.782255	27.883532
	-82.7824451	27.8835299
	-82.783072	27.883547
	-82.7833891	27.883555
	-82.783629	27.883587
	-82.783636	27.883679
	-82.783507	27.885793
	-82.783038	27.885823
	-82.783024	27.886039
	-82.783022	27.887011
	-82.785942	27.88695
	-82.785975	27.886683
	-82.786208	27.886634
	-82.786936	27.886627
	-82.786952	27.8863839
	-82.78696	27.886101
	-82.786846	27.886082
	-82.786884	27.885861
	-82.786966	27.885877
	-82.786972	27.88564
	-82.7870961	27.8856249
	-82.78841	27.885676
	-82.788558	27.88568
	-82.788589	27.8857929
	-82.788522	27.886174
	-82.791186	27.886127
	-82.791193	27.8858179
	-82.791201	27.885457
	-82.791192	27.88529
	-82.791169	27.884795
	-82.791164	27.884682
	-82.791195	27.884517
	-82.791177	27.884324
	-82.791178	27.884228
	-82.791184	27.883884
	-82.7932661	27.8837719
	-82.7936591	27.8837729
	-82.7943291	27.883781
	-82.795318	27.883792
	-82.795315	27.8845059
	-82.7953191	27.885202
	-82.7953171	27.8856019
	-82.7967991	27.885555
	-82.797363	27.88559
	-82.79737	27.885009
	-82.7975971	27.8837889
	-82.797638	27.883508
	-82.797363	27.883521
	-82.797144	27.883521
	-82.797171	27.883192
	-82.797405	27.88318
	-82.797693	27.883192
	-82.797762	27.882888
	-82.797819	27.882526
	-82.797939	27.8824609
	-82.799414	27.882475
	-82.799422	27.883533
	-82.799427	27.884184
	-82.799721	27.884183
	-82.802482	27.884173
	-82.80248	27.884101
	-82.80248	27.884078
	-82.802457	27.883707
	-82.803352	27.883709
	-82.80334	27.883344
	-82.802637	27.883451
	-82.802418	27.883485
	-82.802435	27.882816
	-82.80328	27.882808
	-82.8032201	27.880169
	-82.803522	27.880177
	-82.804857	27.880186
	-82.806473	27.880219
	-82.807631	27.880226
	-82.807616	27.884239
	-82.807604	27.887351
	-82.807227	27.887343
	-82.803546	27.887293
	-82.802302	27.887323
	-82.799456	27.887366
	-82.799458	27.887535
	-82.799461	27.891269
	-82.7994631	27.8929309
	-82.799464	27.894408
	-82.799467	27.894532
	-82.7994701	27.8946689
	-82.799497	27.896259
	-82.7994871	27.8966269
	-82.799487	27.897547
	-82.799486	27.898133
	-82.799486	27.898258
	-82.799486	27.898844
	-82.799747	27.898934
	-82.79976	27.899215
	-82.799486	27.899213
	-82.799486	27.89931
	-82.798007	27.899336
	-82.798119	27.900927
	-82.7986171	27.9013519
	-82.7986571	27.901351
	-82.7988781	27.9013479
	-82.798852	27.901667
	-82.798528	27.901665
	-82.798151	27.901649
	-82.798149	27.901905
	-82.7989721	27.9019169
	-82.799506	27.901916
	-82.799635	27.901908
	-82.799695	27.901908
	-82.799686	27.901699
	-82.800073	27.901701
	-82.800096	27.901823
	-82.800139	27.901834
	-82.800679	27.9018289
	-82.8006791	27.901647
	-82.801005	27.901626
	-82.800948	27.900583
	-82.800953	27.900323
	-82.80097	27.900214
	-82.800815	27.90023
	-82.8006741	27.900246
	-82.800667	27.899874
	-82.800815	27.899875
	-82.803491	27.899906
	-82.803512	27.90197
	-82.803627	27.902103
	-82.804408	27.90215
	-82.804964	27.90061
	-82.80549	27.900603
	-82.806003	27.900621
	-82.806034	27.900621
	-82.806808	27.900611
	-82.8076911	27.9005869
	-82.8077191	27.9002559
	-82.807778	27.900026
	-82.807864	27.900038
	-82.808089	27.900032
	-82.808075	27.900152
	-82.80821	27.900188
	-82.808431	27.900189
	-82.808555	27.900188
	-82.808549	27.900048
	-82.808752	27.900058
	-82.809631	27.900064
	-82.809614	27.900204
	-82.8098731	27.9002089
	-82.809953	27.900225
	-82.81014	27.90022
	-82.810152	27.900116
	-82.810738	27.900034
	-82.810708	27.900204
	-82.810901	27.900188
	-82.8108071	27.8994279
	-82.810834	27.899295
	-82.811183	27.899236
	-82.81145	27.899225
	-82.8118431	27.8992239
	-82.8118411	27.898563
	-82.8118391	27.8974539
	-82.811837	27.897078
	-82.811852	27.896696
	-82.815957	27.896704
	-82.8159551	27.896414
	-82.8159551	27.896242
	-82.815956	27.895669
	-82.81597	27.8948889
	-82.8159831	27.8939099
	-82.815979	27.89306
	-82.81598	27.8923779
	-82.8159441	27.8912169
	-82.815935	27.889973
	-82.8159361	27.8895369
	-82.815927	27.888616
	-82.815926	27.887568
	-82.816146	27.887745
	-82.818021	27.887653
	-82.818022	27.887593
	-82.818022	27.886755
	-82.817991	27.886219
	-82.818007	27.885779
	-82.816208	27.88582
	-82.816022	27.88582
	-82.816031	27.884964
	-82.815821	27.884968
	-82.815603	27.884969
	-82.8138	27.884989
	-82.813771	27.88473
	-82.813684	27.884077
	-82.813555	27.884079
	-82.812204	27.884088
	-82.811873	27.884115
	-82.811815	27.883914
	-82.811781	27.882207
	-82.813472	27.882106
	-82.819867	27.882207
	-82.819823	27.880447
	-82.817138	27.880484
	-82.816944	27.880492
	-82.816948	27.880371
	-82.816961	27.880171
	-82.817154	27.880171
	-82.819882	27.880149
	-82.819889	27.879865
	-82.819882	27.879619
	-82.819897	27.878997
	-82.819888	27.878806
	-82.819848	27.87809
	-82.817983	27.878172
	-82.817994	27.877767
	-82.819257	27.8778
	-82.819271	27.877238
	-82.819276	27.877068
	-82.819074	27.877068
	-82.818968	27.876918
	-82.818836	27.876645
	-82.818842	27.876029
	-82.818831	27.875192
	-82.81883	27.875044
	-82.819865	27.875091
	-82.81984	27.875426
	-82.819411	27.875443
	-82.819501	27.876377
	-82.820027	27.876366
	-82.820142	27.876376
	-82.820141	27.876579
	-82.820143	27.877001
	-82.82198	27.876711
	-82.822048	27.876699
	-82.8242399	27.876692
	-82.825191	27.876689
	-82.82808	27.877016
	-82.828087	27.876983
	-82.828099	27.876281
	-82.828098	27.876151
	-82.828252	27.876148
	-82.831096	27.875976
	-82.832363	27.875908
	-82.83275	27.87588
	-82.832668	27.876424
	-82.832724	27.877127
	-82.832729	27.877774
	-82.832721	27.878042
	-82.832722	27.878231
	-82.833247	27.878239
	-82.833251	27.87834
	-82.83326	27.878508
	-82.833326	27.878541
	-82.83344	27.87855
	-82.833428	27.878577
	-82.833489	27.87991
	-82.833746	27.879983
	-82.836498	27.879876
	-82.836644	27.879873
	-82.837048	27.879869
	-82.837041	27.879643
	-82.837036	27.879582
	-82.837019	27.878853
	-82.837042	27.878852
	-82.838567	27.878821
	-82.838562	27.879998
	-82.840631	27.879994
	-82.840608	27.880114
	-82.840542	27.880255
	-82.840561	27.880502
	-82.842327	27.880746
	-82.842636	27.880883
	-82.845282	27.883073
	-82.845414	27.883208