	-82.9046151	28.1718719
	-82.880942	28.1721859
	-82.8750241	28.1722659
	-82.874999	28.171997
	-82.8568441	28.1722039
	-82.8523061	28.1722569
	-82.8477731	28.171682
	-82.844579	28.1717099
	-82.828865	28.171953
	-82.812225	28.17209
	-82.80588	28.17217
	-82.805097	28.172181
	-82.7996241	28.172223
	-82.798256	28.172235
	-82.7978811	28.172398
	-82.7976011	28.172442
	-82.797384	28.1724969
	-82.7971361	28.1725299
	-82.7968091	28.172554
	-82.796298	28.1726009
	-82.795919	28.172596
	-82.7948641	28.1726949
	-82.7942861	28.172689
	-82.794063	28.172673
	-82.793821	28.172689
	-82.793523	28.1727279
	-82.793206	28.172717
	-82.792884	28.172739
	-82.792517	28.172788
	-82.792399	28.172832
	-82.7921011	28.172804
	-82.7918901	28.1727379
	-82.7918221	28.172683
	-82.7916481	28.172634
	-82.7914431	28.172535
	-82.791183	28.1724359
	-82.7909971	28.1723809
	-82.7909851	28.172326
	-82.790531	28.172287
	-82.7899101	28.172288
	-82.7897771	28.1722829
	-82.788958	28.1722819
	-82.7878121	28.172209
	-82.787424	28.1721859
	-82.786595	28.1723849
	-82.7863891	28.172436
	-82.786223	28.172402
	-82.785795	28.172435
	-82.785497	28.172424
	-82.785478	28.172468
	-82.7854901	28.1725669
	-82.784608	28.172756
	-82.7837161	28.1728629
	-82.783073	28.172865
	-82.782984	28.172856
	-82.7818611	28.172854
	-82.779828	28.172858
	-82.7792081	28.1728479
	-82.7785601	28.172868
	-82.777747	28.1728799
	-82.7768071	28.1728749
	-82.7737031	28.172879
	-82.7727351	28.172879
	-82.772735	28.17288
	-82.7677391	28.17288
	-82.7677391	28.1728849
	-82.767732	28.172886
	-82.761632	28.172908
	-82.7616301	28.1729089
	-82.7612191	28.1729129
	-82.7599201	28.172923
	-82.7599141	28.172924
	-82.7577161	28.172944
	-82.7577141	28.1729449
	-82.7529369	28.172935
	-82.7505056	28.1729499
	-82.7504244	28.1729282
	-82.7502005	28.1727547
	-82.7459681	28.1727639
	-82.7441541	28.1727729
	-82.7437221	28.172773
	-82.743291	28.1727759
	-82.7408	28.172784
	-82.740498	28.172786
	-82.740127	28.1728339
	-82.739791	28.1728179
	-82.737886	28.173218
	-82.73331	28.173122
	-82.7316881	28.17314
	-82.7290851	28.173173
	-82.7242971	28.1732149
	-82.7240791	28.173221
	-82.7238631	28.173196
	-82.7229661	28.173159
	-82.7227771	28.173162
	-82.7225951	28.173167
	-82.7220821	28.173209
	-82.7216711	28.173166
	-82.7216231	28.173162
	-82.7206841	28.173216
	-82.7198791	28.173173
	-82.719362	28.1731759
	-82.718901	28.1731569
	-82.718868	28.1731569
	-82.718072	28.1731659
	-82.714595	28.1731939
	-82.711578	28.1732089
	-82.7113241	28.1732149
	-82.710988	28.1732149
	-82.704853	28.1732409
	-82.699024	28.173247
	-82.6744551	28.1733119
	-82.67278	28.173315
	-82.672144	28.173319
	-82.669225	28.173331
	-82.666045	28.173346
	-82.651165	28.173266
	-82.6511441	28.171034
	-82.6509891	28.154179
	-82.6506021	28.144928
	-82.6505941	28.144073
	-82.6499041	28.122012
	-82.6498891	28.121161
	-82.6498691	28.120908
	-82.6498351	28.120046
	-82.6498201	28.119623
	-82.6498001	28.119185
	-82.6497981	28.118872
	-82.6497911	28.118431
	-82.6497801	28.117975
	-82.6497691	28.117681
	-82.6497161	28.116056
	-82.6495651	28.11162
	-82.6491491	28.098901
	-82.6491261	28.095523
	-82.6491001	28.093867
	-82.6490891	28.091142
	-82.649022	28.079803
	-82.6490128	28.078472
	-82.6490113	28.078259
	-82.6490045	28.0772603
	-82.6489619	28.0711024
	-82.6489573	28.0704493
	-82.648909	28.063481
	-82.648887	28.061986
	-82.648773	28.061467
	-82.648662	28.060731
	-82.648616	28.060465
	-82.6486229	28.0600158
	-82.6485427	28.0596772
	-82.64851	28.059172
	-82.648374	28.056558
	-82.6484057	28.0565012
	-82.6483319	28.0564725
	-82.6486757	28.0559033
	-82.6486785	28.0552618
	-82.6484068	28.0552695
	-82.648299	28.0552074
	-82.6483631	28.054851
	-82.6483601	28.054254
	-82.6484624	28.0452722
	-82.6484848	28.0449153
	-82.6485378	28.0443291
	-82.6485568	28.0383051
	-82.6484985	28.0334541
	-82.6485659	28.0334111
	-82.6485618	28.0319531
	-82.6485628	28.0313231
	-82.6485138	28.026778
	-82.6485169	28.026503
	-82.6485248	28.024356
	-82.6485158	28.023449
	-82.6485714	28.0227283
	-82.6485148	28.0211381
	-82.6485249	28.01897
	-82.6485308	28.0182391
	-82.6485221	28.0178109
	-82.64852	28.017644
	-82.6488201	27.9794969
	-82.648749	27.9710889
	-82.6486621	27.9674449
	-82.648638	27.9670779
	-82.648608	27.966671
	-82.6486161	27.9663369
	-82.6483201	27.9473979
	-82.6226201	27.943099
	-82.61292	27.940999
	-82.601419	27.9372989
	-82.5995191	27.936299
	-82.597219	27.935199
	-82.591619	27.931099
	-82.5878191	27.928299
	-82.5818191	27.921699
	-82.577519	27.916
	-82.573419	27.909
	-82.570019	27.8999
	-82.568719	27.8928999
	-82.5679351	27.8838899
	-82.5679161	27.8837009
	-82.5674191	27.871701
	-82.5668191	27.858002
	-82.566119	27.823403
	-82.5658191	27.8176029
	-82.563619	27.8069029
	-82.559618	27.798904
	-82.558418	27.797504
	-82.55337	27.793504
	-82.546718	27.7912039
	-82.5418181	27.7878039
	-82.540618	27.785004
	-82.5415181	27.7822039
	-82.543418	27.777505
	-82.544818	27.774505
	-82.5467181	27.770005
	-82.5472181	27.769005
	-82.5514021	27.7593769
	-82.5531181	27.755605
	-82.5589221	27.7432019
	-82.5699951	27.719219
	-82.577707	27.703635
	-82.580475	27.69874
	-82.582619	27.693556
	-82.584187	27.689956
	-82.585003	27.687796
	-82.606139	27.6436379
	-82.62486	27.643718
	-82.64512	27.64421
	-82.663121	27.64471
	-82.6718361	27.644709
	-82.672421	27.644609
	-82.672716	27.644731
	-82.672962	27.644738
	-82.6966211	27.644709
	-82.696691	27.641264
	-82.69669	27.640804
	-82.696721	27.6390099
	-82.6969761	27.6386149
	-82.698713	27.6358449
	-82.7010961	27.6295069
	-82.70186	27.6273249
	-82.703844	27.625315
	-82.704231	27.624999
	-82.7066701	27.623062
	-82.7108171	27.621578
	-82.7140911	27.6197219
	-82.718125	27.618035
	-82.724363	27.6158769
	-82.7251589	27.6155323
	-82.7291201	27.613886
	-82.7320421	27.6121847
	-82.7342981	27.6107459
	-82.735211	27.610273
	-82.7360851	27.610274
	-82.7367291	27.6108829
	-82.737867	27.6112559
	-82.7399411	27.6124078
	-82.7403226	27.6132406
	-82.7400979	27.6140133
	-82.7390829	27.6183471
	-82.7404609	27.6243326
	-82.742069	27.633896
	-82.744049	27.6346189
	-82.745373	27.635628
	-82.7463431	27.6368429
	-82.746943	27.637908
	-82.7469771	27.6395079
	-82.7470441	27.640752
	-82.74681	27.6455789
	-82.7495341	27.645749
	-82.7798821	27.6457489
	-82.813362	27.645748
	-82.8153771	27.654618
	-82.8126131	27.675482
	-82.8120741	27.676665
	-82.8043181	27.693737
	-82.8057001	27.709384
	-82.8149691	27.72104
	-82.8430271	27.7563269
	-82.8457471	27.75956
	-82.8750001	27.794343
	-82.875598	27.7953379
	-82.8807651	27.8033309
	-82.885891	27.8118009
	-82.894038	27.824392
	-82.9013371	27.8391069
	-82.9043261	27.848713
	-82.9067811	27.858618
	-82.908102	27.867127
	-82.908588	27.8753
	-82.9088761	27.883209
	-82.9089091	27.8900819
	-82.907929	27.8959359
	-82.907294	27.90149
	-82.9056961	27.9048779
	-82.90577	27.9083149
	-82.904422	27.9163889
	-82.9023581	27.927051
	-82.900352	27.936029
	-82.897897	27.944395
	-82.8948581	27.950634
	-82.8915371	27.958218
	-82.888203	27.963713
	-82.8887161	27.968535
	-82.888055	27.9729429
	-82.886777	27.9781189
	-82.88494	27.982348
	-82.88521	27.985181
	-82.8850651	27.987807
	-82.884651	27.990668
	-82.883901	27.992952
	-82.883811	27.9941299
	-82.8841281	27.996256
	-82.884063	28.000295
	-82.8863901	28.0075529
	-82.886774	28.0105579
	-82.886552	28.0136599
	-82.886066	28.0165939
	-82.8853561	28.0193609
	-82.8845051	28.021126
	-82.884759	28.022128
	-82.885013	28.0230949
	-82.8847691	28.024696
	-82.88398	28.027729
	-82.8824361	28.0341289
	-82.880221	28.0396259
	-82.8781051	28.0428199
	-82.879836	28.0436949
	-82.8833641	28.046478
	-82.886739	28.04946
	-82.8902521	28.053678
	-82.892325	28.058057
	-82.894574	28.063738
	-82.8960361	28.068682
	-82.8967121	28.072789
	-82.89693	28.0772259
	-82.8966331	28.0802949
	-82.8955441	28.086664
	-82.894369	28.093899
	-82.8937411	28.0996019
	-82.893397	28.1035369
	-82.8929511	28.106338
	-82.8919111	28.107969
	-82.8930401	28.1086409
	-82.896557	28.112758
	-82.899728	28.117408
	-82.9019621	28.1210199
	-82.903191	28.12529
	-82.903924	28.129205
	-82.90459	28.134851
	-82.904986	28.1413769
	-82.904552	28.1466499
	-82.9037391	28.1513469
	-82.9023551	28.1564509
	-82.901922	28.161386
	-82.901915	28.1633809
	-82.9024021	28.165477
	-82.903909	28.169468
	-82.9046151	28.1718719